# id	left	top	right	bottom	texture_id
[SPRITES]
#WALK
31001	5	14	20	29	10
31002	25	14	40	29	10

#DIE
32001	45	20	60	29	10

#FLIP
33001	5	40	20	55	10

#RED WALK
34001	183	36	198	53	10
34002	209	36	224	53	10

#RED WING WALK
34101	181	10	200	29	10
34102	207	10	226	29	10

#RED DIE
34010	236	43	251	52	10

#RED FLIP
34011	236	14	251	29	10

# ani_id	sprite1_id	time1	sprite2_id	time2	...
[ANIMATIONS]
5000	31001	100	31002	100
5001	32001	100
5002	33001	100

#RED
5100	34001	100	34002	100
5101	34010	100
5102	34011	100
5200	34101	100	34102	100
