# list of object assets to load in this scene
[ASSETS]
platform.txt
WorldItem.txt
Hud.txt
mario.txt


[MAPS]
1	Resources\WorldMap.txt	Resources\NULL.txt	Resources\MapConfig.txt	Resources\World.png	

[OBJECTS]
# type	x	y	extra_settings per object type
# type: 0 = Mario , 1 = Brick, 2 = Goomba, 3 = Koopas
# See OBJECT_TYPE constants in AssetIDs.h



15	32	32	7
15	48	32	7
15	64	32	7
15	32	48	7
15	48	48	7
15	64	48	7

#TRANS
5	31	16	16	16	14	60000	60000	60000	0

5	32	64	16	16	1	60000	60000	60000	0
5	32	81	16	16	4	60000	60000	60000	0
5	31	39	16	32	3	60000	60000	60000	0

5	96	64	16	48	3	60000	60000	60000	0

5	160	48	16	16	3	60000	60000	60000	0

5	144	81	16	16	1	60000	60000	60000	0

5	160	81	16	16	6	60000	60000	60000	0

5	226	48	16	48	1	60000	60000	60000	0

#NODE
15	48	64	0
15	80	32	1
15	144	32	2
15	176	32	3
15	176	64	4
15	80	160	5
15	144	160	6

15	80	64	8
15	112	32	8
15	144	64	8
15	210	32	8


15	32	80	7
15	48	80	7
15	64	80	7
15	32	96	7
15	48	96	7
15	64	96	7
15	32	112	7

15	96	48	7
15	112	48	7
15	128	48	7
15	96	64	7
15	112	64	7
15	128	64	7
15	96	80	7
15	112	80	7
15	128	80	7

15	144	112	7
15	112	112	7
15	128	112	7

15	160	48	7
15	176	48	7
15	192	48	7

15	160	80	7
15	176	80	7
15	192	80	7
15	208	80	7
15	160	96	7
15	176	96	7

15	224	32	7
15	240	32	7
15	224	48	7
15	240	48	7
15	224	64	7
15	240	64	7
15	224	80	7
15	240	80	7

15	240	96	7
15	240	112	7
15	240	128	7
15	240	144	7
15	240	160	7
15	240	176	7


#MARIO
0	48	64

#HUD
11	0	0	0

12	0	0	10
12	0	0	10
12	0	0	10
12	0	0	10
12	0	0	10
12	0	0	10
12	0	0	11

12	0	0	0
12	0	0	0

12	0	0	0
12	0	0	0

12	0	0	0
12	0	0	0
12	0	0	0
12	0	0	0
12	0	0	0
12	0	0	0
12	0	0	0

12	0	0	0
12	0	0	0
12	0	0	0

12	0	0	-1
12	0	0	-1
12	0	0	-1
