# id	left	top	right	bottom	texture_id
[SPRITES]
41000	1	18	16	31	60
41001	18	17	33	32	60
41002	35	18	50	31	60
41003	52	17	67	32	60

42000	1	32	16	47	60

42001	35	32	50	47	60
42002	52	32	67	47	60
42003	69	32	84	47	60
42004	86	32	101	47	60
42005	103	32	118	47	60
42006	120	32	135	47	60
42007	136	32	151	47	60


# ani_id	sprite1_id	time1	sprite2_id	time2	...
[ANIMATIONS]
#LEFT SHOOTING RED
480000	41000	300	41001	300	41002	300	41003	300
490000	42000	100
490001	42001	100
490002	42002	100
490003	42003	100
490004	42004	100
490005	42005	100
490006	42006	100
490007	42007	100